[590762    340775]
[551309    425961]
[565665    452618]
[517508    513703]
[526543    475722]
[639119    358006]
[562991    368239]
[572996    497155]
[519042    488804]
[564810    463459]
[596367    388808]
[595087    379387]
[558362    397055]
[595030    426154]
[550536    462789]
[621138    258569]
[540623    427345]
[616291    394486]
[612610    510243]
[595645    424032]
[543501    517534]
[596862    440952]
[498567    576439]
[542398    409980]
[567444    443782]
[599536    390145]
[549955    581450]
[575847    448953]
[564775    414885]
[589341    479549]
[628515    343690]
[582276    459903]
[612639    499394]
[602673    447328]
[605475    419088]
[559526    433871]
[567061    448441]
[541113    459090]
[588803    471338]
[572344    455060]
[584957    492347]
[576554    466239]
[588631    478683]
[546447    473800]
[542737    471045]
[572131    469052]
[483865    600397]
[576363    444789]
[566110    357288]
[599683    425477]
[547101    382139]
[594893    425276]
[613479    290419]
[572611    459870]
[592902    470427]
[567673    446242]
[576638    446538]
[563729    464894]
[600821    411937]
[579715    461164]
[539765    462567]
[573813    497940]
[633012    404593]
[563994    442850]
[586478    443377]
[561145    418234]
[562917    568251]
[590124    413815]
[532674    432102]
[533491    403425]
[598459    536196]
[559623    482799]
[635561    279077]
[501176    484170]
[535076    490834]
[571547    445254]
[621022    400767]
[587432    492754]
[579767    448395]
[572829    566750]
[565206    333583]
[522385    515447]
[551326    389883]
[575460    397168]
[540954    461954]
[615080    425202]
[565036    449526]
[548367    420593]
[601885    449053]
[652948    338597]
[531113    481858]
[589908    492240]
[587930    526626]
[588854    500932]
[564096    425473]
[583728    466508]
[597100    469293]
[546837    454214]
[562426    448673]
[488610    543789]
[612517    424618]
[573206    364324]
[597301    527256]
[528179    401204]
[565785    436275]
[617389    420689]
[557607    578651]
[635292    439123]
[523255    487415]
[549968    338345]
[506258    515668]
[617957    430762]
[648221    336167]
[555401    364838]
[554949    518121]
[580276    425658]
[546611    431114]
[487115    540451]
[615546    465041]
[560260    485008]
[580424    414958]
[614857    368811]
[577240    424257]
[580631    420831]
[544284    460560]
[577050    504380]
[515303    524551]
[561177    425638]
[562194    455531]
[573789    496278]
[584650    419374]
[599837    459082]
[557077    418600]
[501135    480562]
[554041    448927]
[575849    477712]
[610555    460871]
[547509    458270]
[629919    390861]
[616507    426267]
[577459    456214]
[563459    447564]
[572259    465447]
[568072    434820]
[491354    613306]
[585728    510298]
[529223    418652]
[585026    426998]
[189749    202798]
[154636    272572]
[189971    226789]
[194864    243695]
[210336    193424]
[191585    285376]
[211151    256733]
[263831    218267]
[292881    168375]
[221744    211790]
[219732    240922]
[194611    168248]
[200688    270185]
[250445    193307]
[160469    198204]
[155711    189887]
[231412    231625]
[167294    154910]
[159025    166046]
[189522    216278]
[159869    215561]
[223433     85282]
[337683    238103]
[206251    250109]
[237420    147273]
[256122    240676]
[253404    116936]
[143857    210776]
[210679    184567]
[122010    228545]
[275050    303374]
[176685    204445]
[157363    201943]
[230108    308772]
[291554    160246]
[119805    220266]
[97679    323033]
[180109    206525]
[165291    213596]
[126566    239842]
[204532    228158]
[203337    183473]
[188156    201251]
[192917    195302]
[119133    248137]
[99380    148168]
[193599    213578]
[154820    224912]
[190461    210241]
[192058    190277]
[273133    183738]
[215875    167507]
[188439    204981]
[210856    187481]
[68984    232011]
[205546    246591]
[312132    216271]
[243668    176801]
[147848    236261]
[231070    256963]
[96367    262839]
[186249    217615]
[164822    223970]
[193555    160003]
[191453    185717]
[211129    208858]
[211534    358536]
[192902    216515]
[271869    113275]
[234653    184949]
[269621    223405]
[196333    323199]
[131063    197764]
[213317    264279]
[255386    277749]
[70706    217845]
[193829    214839]
[294324    192120]
[219286    275451]
[281982     96642]
[223622    205831]
[192126    212092]
[208235    171071]
[178431     71859]
[236044    181833]
[230298     78719]
[173743    260380]
[193220    209898]
[236233    178549]
[201900    185537]
[232161    204410]
[195576    222819]
[288214    199722]
[270158    144598]
[202930    212449]
[209997    204543]
[173906    265341]
[231826    312769]
[186265    275068]
[291716    153824]
[283333    141128]
[126388    222909]
[217220    162912]
[185234    223707]
[226429    239040]
[170545    226726]
[216025    327190]
[190818    252141]
[227233    273052]
[250992    289208]
[122903    254397]
[94853    222502]
[211591    257906]
[199762    149410]
[214919    155330]
[130920    261702]
[283333    164340]
[59080    202858]
[305831    227941]
[180994    181905]
[157616    212213]
[151007    216864]
[313635    125226]
[206596    237056]
[131742    224044]
[198851    184954]
[234371    203343]
[228845    189725]
[245002    187928]
[208284    204391]
[166803    170789]
[192805    247468]
[133651    269058]
[192101    164330]
[186129    240314]
[188605    217519]
[123985    220101]
[143976    211553]
[128889    110016]
[222607    270049]
[193394    233346]
[141956    352537]
[204269    212247]
[270549    218958]
[195753    204969]
[153083    239708]
[157566    219888]
[230102    253909]
[209130    212609]
[188184    206640]
[213697    215722]
[182498    249755]
[154648    229935]
[202343    240368]
[208460    283025]
[202277    224706]
[178337    227436]
[232418    223503]
[191871    212734]
[257435    252087]
[202223    123679]
[218823     82234]
[103041    203798]
[113378    241412]
[188273    120016]
[284601    224610]
[195536    258397]
[144200    187184]
[203185    162339]
[188807    223705]
[192516    248395]
[244491    252553]
[169646    133672]
[199619    179213]
[192747    213585]
[175763    279040]
[130224    301850]
[217978    237395]
[181801    212588]
[191685    221598]
[291236    183704]
[211575    259862]
[205330    268399]
[197940    216948]
[154471    225017]
[189441    184450]
[207891    250474]
[279403    192934]
[164201    188451]
[253872    170263]
[202433    229065]
[198378    220838]
[103975    269587]
[113020    163431]
[192377    214593]
[244270    290810]
[222465    189599]
[108483    229059]
[209400    291201]
[220772    263938]
[174631    227589]
[182485    154708]
[193113    206017]
[202303    248362]
[254481    162245]
[191889    217368]
[241744    252389]
[139087    164204]
[174246    215145]
[143531    221949]
[225966    226314]
[120988    242872]
[212218    236318]
[214354    216561]
[215336    183866]
[166891    326780]
[175825    216761]
[200196    239809]
[230476    195814]
[207534    221023]
[89152    254207]
[186973    211524]
[173032    278464]
[179234    192759]
[109137     96700]
[192782    204526]
[166731    271764]
[157843    232182]
[194455    215246]
[188734    253986]
[131454    264053]
[207964    203096]
[236780     82421]
[192158    214293]
[182953    222708]
[183806     92142]
[151930    205100]
[243134    229630]
[103251    206109]
[199028    249588]
[51440    181934]
[171589    217287]
[171192    171162]
[197534    220403]
[161943    208402]
[117333    259251]
[165478    205406]
[145638    184376]
[159851    157651]
[189904    233662]
[194701    228836]
[174051    219578]
[237152    180094]
[206966    218868]
[205714    179383]
[79491    245685]
[178491    209592]
[110002    279666]
[197207    227289]
[189636    273953]
[341618    225282]
[282881    168287]
[176913    130283]
[171009    225309]
[182571    242820]
[215307    197722]
[197162    190746]
[181838    215320]
[201520    260805]
[193999    213385]
[179563    164135]
[249767    224165]
[194959    321643]
[196885    222182]
[193447    206838]
[180137    212301]
[164962    231419]
[32710    248634]
[190950    214414]
[172415    202995]
[182851    302312]
[191253    215705]
[39733    320679]
[192014    216462]
[181260    140058]
[176023    223535]
[190857    174981]
[217466    122927]
[98470    192944]
[199788    212738]
[170559    200680]
[222267    217361]
[154611    164556]
[274835    323682]
[191196    109450]
[136966    245143]
[89722    122964]
[167056    221321]
[227429    133524]
[254683    234389]
[175569    306397]
[181579    208875]
[155139    198959]
[185468    191528]
[120943    201289]
[209418    213557]
[290385    186524]
