[388702    853355]
[359754    739678]
[310666    794425]
[333813    811279]
[343737    797333]
[330703    770342]
[322216    772782]
[257400    858267]
[263856    831239]
[345300    674898]
[313931    771900]
[355740    765564]
[368338    772516]
[395214    766350]
[325345    775176]
[276933    735965]
[481496    837105]
[401738    821984]
[333319    754582]
[384475    663045]
[350922    745052]
[427699    793830]
[354389    777151]
[304814    726267]
[327954    744825]
[255660    711620]
[431845    759463]
[341657    722211]
[304897    757316]
[331956    838487]
[339424    748086]
[401212    778857]
[312131    779395]
[391974    777400]
[356768    815956]
[346928    749351]
[368884    663243]
[356546    672919]
[338126    773418]
[325242    711972]
[434023    720618]
[349202    772624]
[262857    732247]
[289524    765791]
[256399    768787]
[405094    887315]
[340328    733712]
[212839    799410]
[350832    773204]
[345523    749235]
[353828    773488]
[411679    765620]
[339162    754204]
[437815    811589]
[324202    756632]
[314404    739541]
[663479    294764]
[704752    149529]
[687864    334314]
[725975    419132]
[640290    150801]
[462684    249848]
[654544    299302]
[684563    161151]
[666831    234273]
[631259    250371]
[625738    214440]
[692924    364300]
[659348    249719]
[634541    371495]
[670244    228785]
[790219    318519]
[682763    238056]
[661501    241447]
[687755    166696]
[579229    264525]
[636214    199566]
[697168    356351]
[685013    245995]
[722393    204056]
[634085    357560]
[748632    303210]
[813013    239286]
[768845    196273]
[636720    175021]
[760099    205482]
[608336    287007]
[580690    341261]
[691945    197801]
[646032    294629]
[645066    239339]
[665604    247847]
[573838    130578]
[657941    251951]
[482467    261571]
[637015    194451]
[797132    207327]
[661727    201322]
[573047    145317]
[677014    231981]
[644303    206376]
[616123    394891]
[778497    196877]
[586211    302205]
[695564    259693]
[599394    236126]
[659909    230953]
[663644    258401]
[747290    285494]
[626643    302818]
[743247    227863]
[679884    240328]
[618981    180196]
[627769    230116]
[643612    241919]
[679599    169245]
[692698    173011]
[649722    257715]
[675641    248576]
[661739    250605]
[707368    262913]
[768692    312201]
[690271    233373]
[543978     97674]
[662803    316064]
[638618    331724]
[530945    346790]
[685605    143450]
[586580    196686]
[724710    214863]
[722724    152849]
[675103    234137]
[630204    191677]
[703638    291576]
[566781    253201]
[666139    287601]
[644816    220259]
[700326    215303]
[629644    224460]
[675365    283731]
[698945    409710]
[615725    299612]
[642217    202603]
[575437    163916]
[640801    214345]
[697907    254091]
[610401    263571]
[769962    204961]
[717196    294959]
[661631    203655]
[650189    141059]
[723822    164806]
[712436    266489]
[680187    231984]
[609628    293600]
[706769    179481]
[623527    261637]
[648772    257580]
[665366    229143]
[657479    298270]
[675810    220448]
[801313    231471]
[701750    159771]
[687988    236756]
[704998    220269]
[661872    303218]
[812335    145881]
[684973    213675]
[675946    203786]
[663613    225661]
[607657    133206]
[671072    219958]
[626963    256494]
[678467    288567]
[697035    239427]
[607708    342005]
[661286    281837]
[689180    217956]
[647726    218283]
[666623    237639]
[693233    193535]
[673109    235776]
[721705    192197]
[631355    228662]
[679730    225743]
[716418    314078]
[644694    347861]
[684191    237523]
[760202    196802]
[670011    226876]
[643632    295352]
[730098    212282]
[703395    254495]
[624601    315102]
[686414    193842]
[699952    246665]
[657548    244506]
[700741    229505]
[686852    260761]
[641211    271307]
[681629    317375]
[598514    204825]
[641707    146501]
[645692    251505]
[587217    219421]
[656954    290787]
[625575    213450]
[438598    217370]
[767831    244150]
[707816    292417]
[661698    260101]
[676583    234098]
[724232    188780]
[764314    327680]
[665046    256805]
[673020    232150]
[684133    236468]
[755051    310544]
[574675    100232]
[713087    262519]
[630901    224817]
[666296    235082]
[680712    216139]
[666425    247375]
[627288    194911]
[715759    308176]
[659801    282243]
[693253    396810]
[648230    256161]
[673247    259654]
[599171    283219]
[646199    234073]
[732457    275202]
[590273    246225]
[660012    229366]
[779640    154167]
[663945    146009]
[680469    247815]
[719272    167728]
[648199    236502]
[667902    247080]
[831366    284129]
[616694    329494]
[581447    257748]
[621256    307229]
[722581    160702]
[821665    271369]
[697626    143983]
[621781    185062]
[668875    208599]
[584741    206045]
[660846    218097]
[730643    201515]
[548106    319645]
[647793    265192]
[687700    246808]
[833665    190847]
[611253    209801]
[610358    246637]
[687029    305432]
[683430    235693]
[677877    228674]
[703999    231972]
[655507    112303]
[630562    190517]
[857893    204452]
[702457    241384]
[708145    137400]
[672047    228193]
[711755    119610]
[609341    339091]
[734877    227867]
[684820    208802]
[723339    182158]
[684537    230682]
[657208    250580]
[689549    251854]
[601204    175819]
[670620    239532]
[682997    232646]
[651828    219966]
[633915    212904]
[696402    205230]
[685138    215549]
[662862    228399]
[705094    214941]
[722687    215956]
[567349    212037]
[686364    222994]
[665993    254761]
[581174    200255]
[778587    278621]
[627746    252193]
[766963    336734]
[610365    279255]
[727566    325727]
[583002    137899]
[692773    256384]
[648202    188916]
[824273    218640]
[627398    318292]
[713500    253377]
[674192    234448]
[727006    208009]
[654520    249774]
[783798     79069]
[700543    241909]
[810450    288789]
[670975    242456]
[689454    327080]
[671400    213507]
[603615    144499]
[724859    265729]
[629249    298108]
[686622    219289]
[664932    227283]
[745302    307779]
[644937    213926]
[694914    222586]
[666907    220861]
[639236    233334]
[803844    290802]
[711380    179396]
[688470    129536]
[633948    164555]
[677648    237511]
[627418    179787]
[702705    229103]
[710877    159351]
[616901    271065]
[673465    231392]
[706523    272795]
[610112    205501]
[741374    222098]
[671244    242879]
[775326     70003]
[718617     92221]
[752416    312974]
[713485    197303]
[640791    266102]
[667378    235104]
[665859    241409]
[721402    191833]
[669931    228791]
[693277    192760]
[716570    198690]
[665715    193493]
[633698    275407]
[668606    214400]
[656719    237159]
[711732    267840]
[771166    366713]
[668269    223207]
[675435    227880]
[604526    371162]
[637822    252198]
[652343    185585]
[780310    152566]
[653081    212019]
[692659    199607]
[674003    237226]
[658060    262926]
[617819    291969]
[683826    274660]
[553929    354192]
[691623    224322]
[655521    227784]
[597038    375515]
[773754    117155]
[683048    225917]
[599357    382212]
[692368    227060]
[677384    240574]
[708373    176688]
[703267    198849]
[674640    234683]
[645788    270955]
[674296    306232]
[534742    212516]
[717803    165536]
[774925    226921]
[658940    210837]
[620691     91896]
[715703    221045]
[734164    244321]
[667687    177587]
[691458    268374]
[569091    392140]
[650451    214454]
[643307    255324]
[298162    462343]
[308124    480756]
[296840    471886]
[302128    467130]
[319762    487209]
[302825    473482]
[286712    455045]
[378119    574071]
[314264    472072]
[354728    549699]
[313003    474183]
[301400    452633]
[290961    458952]
[315539    494464]
[326777    507870]
[301735    466147]
[302708    457812]
[304757    471245]
[304910    466396]
[293010    464228]
[306771    464847]
[325790    490093]
[297531    465521]
[311035    464407]
[248064    385404]
[301309    448921]
[294779    468031]
[314355    486700]
[293300    461288]
[322419    511062]
[297561    462499]
[316280    488265]
[297158    455383]
[305804    478996]
[296833    465099]
[301839    466431]
[296127    451580]
[333972    518983]
[304003    469368]
[305369    486476]
[303748    484129]
[297136    458574]
[304531    463972]
[301354    466911]
[302114    468235]
[307662    469261]
[290160    456888]
[273506    430229]
[314134    494760]
[321267    512173]
[286598    453970]
[278060    447127]
[309665    467489]
[311471    465878]
[341302    513292]
[286113    458705]
[309274    468616]
[303379    459313]
[301917    466587]
[304463    463396]
[283322    437377]
[294399    467258]
[301553    466081]
[265615    397881]
[293555    466340]
[299556    461377]
[298429    445875]
[303443    481375]
[278245    445125]
[284649    453954]
[288694    456625]
[302999    467408]
[299323    457213]
[278660    430490]
[280745    448472]
[292604    438435]
[318196    475428]
[307445    485165]
[305904    457134]
[300138    466827]
[315486    474542]
[344759    527275]
[282157    452420]
[301516    480376]
[301103    466532]
[318317    477780]
[301329    479974]
[279190    435982]
[312653    470121]
[235777    363262]
[353747    550016]
[294641    463467]
[299405    467321]
[298688    467527]
[299392    476204]
[307511    460817]
[293552    470029]
[288520    459146]
[294116    469203]
[285632    447998]
[352194    555752]
[302140    469135]
[301021    451023]
[304263    465876]
[357577    542854]
[305746    457211]
[302247    468735]
[301688    467763]
[306324    464451]
[301246    464934]
[295621    443984]
[299840    455306]
[280342    422564]
[304909    469704]
[295647    459331]
[309441    474874]
[302166    467127]
[351480    550654]
[295723    462404]
[302247    467151]
[360250    564666]
[298692    459403]
[281625    446114]
[271544    410249]
[302293    467398]
[302281    467245]
[328581    499548]
[302893    462879]
[302563    468913]
[302740    461700]
[301895    466961]
[288539    454489]
[302305    470321]
[310477    471324]
[230379    367267]
[334429    506721]
[322996    489435]
[309674    462816]
[304650    476808]
[242330    380822]
[304845    480055]
[304732    454962]
[310827    471167]
[300276    476397]
[301165    480078]
[287339    460341]
[272417    426715]
[302620    473662]
[300445    478181]
[333321    507283]
[297523    466088]
[289251    448546]
[301710    468840]
[305021    469750]
[300492    472771]
[295006    463228]
[302039    471999]
[301647    465574]
[313424    467865]
[323688    512377]
[301209    469544]
[291709    460982]
[299848    467291]
[296944    457743]
[303079    465146]
[318596    495336]
[310107    488669]
[244302    395484]
[306630    467244]
[293130    448860]
[299956    474505]
[300388    466048]
[304181    486886]
[299675    456961]
[307262    465993]
[303100    466963]
[337540    528665]
[302271    456206]
[324331    496721]
[211080    330547]
[299227    464586]
[314978    473467]
[359277    542515]
[309457    468241]
[299647    460476]
[307990    472006]
[311035    463116]
[300259    466744]
[311306    472450]
[302232    468550]
[302810    471832]
[301095    481719]
[285873    432659]
[307476    482122]
[305860    471669]
[301981    463814]
[321018    494943]
[325807    489992]
[301724    482990]
[305338    463659]
[305398    456976]
[317195    483920]
[278949    444132]
[247959    372004]
[301718    468333]
[314277    480288]
[264221    401904]
[292543    468559]
[302818    466653]
[302569    455649]
[301977    469492]
[281543    446191]
[309190    463094]
[300865    466992]
[295754    460165]
[301898    467169]
[294903    451549]
[299351    475862]
[264798    425704]
[312381    480310]
[311989    474358]
[310749    487996]
[300598    466086]
[320666    493689]
[297571    466687]
[323007    489939]
[282124    437396]
[280587    439375]
[300906    465270]
[306118    467787]
[302325    451490]
[299877    467084]
[304835    467740]
[304255    479517]
[302695    462809]
[303274    467684]
[274271    436620]
[301589    457379]
[286452    440418]
[261847    409501]
[302394    466491]
[299421    468867]
[300553    475975]
[263067    399854]
[283804    444856]
[303161    466808]
[355547    552469]
[302745    466642]
[306539    464740]
[303418    470191]
[299265    456316]
[308503    471717]
[295732    467480]
[290687    464257]
[302412    467255]
[303421    453578]
[298482    472971]
[291330    459101]
[303358    465484]
[294055    462481]
[303592    466202]
[301105    469575]
[284023    445529]
[302567    452768]
[301802    477816]
[293220    467979]
[201463    306133]
[285106    450168]
[288456    463092]
[307755    466830]
[305592    488363]
[293528    468419]
[273959    436147]
[305594    485190]
[297338    464817]
[345034    520760]
[298858    469979]
[301300    451612]
[298122    459285]
[299799    464162]
[298020    461247]
[311980    489001]
[303076    467888]
[316818    481860]
[301986    469614]
[303537    460273]
[302581    460114]
[294501    440610]
[312940    472015]
[301441    475850]
[304243    453004]
[299180    460667]
[265702    417167]
[277318    424240]
[302556    465695]
[301334    470777]
[317728    487651]
[258915    416872]
[302246    467715]
[295666    467131]
[281520    451648]
[313982    467935]
[299843    469231]
[304801    464973]
[304166    469615]
[348011    520212]
[287878    443449]
[296144    467737]
[268583    428844]
[294979    460876]
[302140    467036]
[298745    464084]
[302303    469688]
[294932    462371]
[324214    506808]
[301824    468800]
[308736    469945]
[306725    467459]
[302608    467094]
[335859    504479]
[306583    466708]
[307843    458481]
[329247    521002]
[315924    496418]
[324603    484798]
[282851    437393]
[298930    477167]
[299870    465798]
[273200    425098]
[306086    465044]
[300786    479710]
[323639    484003]
[283998    427380]
[296145    445532]
[310099    468279]
[315078    473125]
[304926    474183]
[620426    782049]
[569986    735283]
[606914    727312]
[540968    707506]
[603436    776364]
[520694    709182]
[575437    729460]
[553948    717918]
[668302    772847]
[584599    887469]
[586777    717506]
[625499    806492]
[572616    799804]
[623086    777344]
[603443    773602]
[666684    762429]
[546024    757888]
[598619    776307]
[579711    777956]
[599436    777991]
[604699    769657]
[592940    772041]
[651436    779402]
[481832    673918]
[558389    796826]
[655042    831333]
[668918    687473]
[605621    799047]
[661332    825231]
[646138    799343]
[635262    793954]
[605360    748001]
[615273    769656]
[591018    769500]
[539642    783549]
[577575    845487]
[560658    753025]
[636476    773495]
[621999    750930]
[598907    793792]
[623024    782848]
[609521    729210]
[603969    770526]
[607170    759788]
[684844    790304]
[575952    758782]
[596838    673213]
[617099    826590]
[575202    760716]
[589717    776528]
[621167    719091]
[519162    693075]
[574058    670564]
[582824    728821]
[619072    712754]
[519241    710202]
[613304    755125]
[602049    784031]
[549332    756403]
[642353    762144]
[522216    707434]
[642099    800475]
[700249    794205]
[605390    758202]
[622999    808139]
[572289    760263]
[594969    749794]
[579886    766862]
[621449    850244]
[650888    919194]
[649153    799300]
[575102    782696]
[603917    769625]
[621254    604624]
[614548    774384]
[624467    726212]
[599197    798690]
[611507    809966]
[610503    791933]
[653893    763630]
[621834    792774]
[632236    779506]
[583715    813414]
[579903    758123]
[540388    798982]
[597649    727191]
[554645    861795]
[549894    761775]
[608021    769876]
[663252    808434]
[593060    770446]
[625490    801096]
[547686    759495]
[522425    795908]
[683284    779170]
[609936    718104]
[654474    787382]
[625817    640833]
[586549    713343]
[616658    921670]
[573470    770072]
[576132    705393]
[604481    836313]
[576751    783733]
[667692    845928]
[600943    765397]
[602011    712813]
[604939    828925]
[623959    800463]
[636483    678390]
[723920    850744]
[581846    640696]
[650089    676996]
[576578    752588]
[554494    817515]
[602317    766823]
[613913    701286]
[620989    734549]
[604367    737948]
[604615    770000]
[579493    828004]
[603504    764811]
[610403    784034]
[657175    722558]
[590308    771445]
[663805    697745]
[607828    749927]
[593064    843485]
[583388    763518]
[605701    729631]
[605684    789488]
[660412    810228]
[652944    752248]
[475492    582878]
[567586    611822]
[585647    794452]
[576231    842682]
[565579    889435]
[616790    771970]
[561306    836308]
[577346    810403]
[603366    768429]
[598984    756285]
[602600    675441]
[651625    785292]
[587866    895162]
[588360    775423]
[600642    772752]
[552992    741422]
[584389    773426]
[546434    717759]
[703047    822565]
